P=4;
R=4.98;
L=5.05e-3;
J=15.17e-6;
B=1e-6;
Ke=56.23e-6;
Tm=0.1;
